0 0.902326 0.445246 0.00350608
0.05 1.80937 0.880907 0.0139107
0.1 2.72114 1.30682 0.0310396
0.15 3.63762 1.72284 0.0547128
0.2 4.55881 2.1288 0.0847446
0.25 5.48468 2.52453 0.120943
0.3 6.41519 2.9099 0.163111
0.35 7.35032 3.28474 0.211042
0.4 8.29002 3.64891 0.264527
0.45 9.23424 4.00224 0.323347
0.5 10.1829 4.3446 0.387277
0.55 11.136 4.67585 0.456084
0.6 12.0933 4.99582 0.529528
0.65 13.0549 5.3044 0.607364
0.7 14.0206 5.60143 0.689335
0.75 14.9904 5.8868 0.77518
0.8 15.9641 6.16036 0.864628
0.85 16.9415 6.42199 0.957403
0.9 17.9227 6.67156 1.05322
0.95 18.9074 6.90898 1.15178
1 19.8955 7.1341 1.25279
1.05 20.8868 7.34684 1.35595
1.1 21.8813 7.54709 1.46092
1.15 22.8787 7.73474 1.56741
1.2 23.8788 7.9097 1.67506
1.25 24.8816 8.0719 1.78356
1.3 25.8868 8.22124 1.89254
1.35 26.8942 8.35764 2.00168
1.4 27.9037 8.48105 2.11061
1.45 28.915 8.59139 2.21897
1.5 29.928 8.68861 2.3264
1.55 30.9424 8.77266 2.43252
1.6 31.9581 8.8435 2.53696
1.65 32.9748 8.90108 2.63934
1.7 33.9923 8.94538 2.73927
1.75 35.0105 8.97638 2.83637
1.8 36.029 8.99405 2.93024
1.85 37.0477 8.99839 3.0205
1.9 38.0664 8.98939 3.10674
1.95 39.0848 8.96707 3.18857
2 40.1028 8.93143 3.26558
2.05 41.12 8.88249 3.33738
2.1 42.1364 8.82027 3.40356
2.15 43.1517 8.74482 3.46373
2.2 44.1656 8.65617 3.51747
2.25 45.178 8.55436 3.56439
2.3 46.1887 8.43945 3.60408
2.35 47.1975 8.3115 3.63615
2.4 48.2042 8.17057 3.66019
2.45 49.2086 8.01673 3.67581
2.5 50.2104 7.85007 3.68261
2.55 51.2097 7.67066 3.6802
2.6 52.206 7.47861 3.66818
2.65 53.1994 7.27399 3.64617
2.7 54.1897 7.05691 3.61377
2.75 55.1766 6.82748 3.57062
2.8 56.1601 6.58581 3.51632
2.85 57.1399 6.33201 3.45049
2.9 58.1161 6.0662 3.37277
2.95 59.0884 5.78851 3.28277
3 60.0567 5.49906 3.18014
3.05 61.021 5.19798 3.0645
3.1 61.9812 4.88541 2.93549
3.15 62.937 4.56148 2.79275
3.2 63.8886 4.22634 2.63593
3.25 64.8357 3.88013 2.46466
3.3 65.7783 3.523 2.2786
3.35 66.7165 3.15509 2.0774
3.4 67.65 2.77656 1.8607
3.45 68.5789 2.38755 1.62816
3.5 69.5031 1.98823 1.37943
3.55 70.4227 1.57874 1.11418
3.6 71.3375 1.15925 0.832062
3.65 72.2476 0.729914 0.532731
3.7 73.153 0.290889 0.215848
3.75 74.0537 -0.157665 -0.118925
3.8 74.9497 -0.615587 -0.471929
3.85 75.841 -1.08272 -0.843503
3.9 76.7276 -1.55889 -1.23399
3.95 77.6096 -2.04395 -1.64372
4 78.487 -2.53774 -2.07305
4.05 79.3598 -3.04009 -2.52231
4.1 80.2282 -3.55084 -2.99186
4.15 81.0921 -4.06984 -3.48202
4.2 81.9517 -4.59692 -3.99316
4.25 82.8069 -5.13192 -4.52562
4.3 83.6579 -5.67469 -5.07975
4.35 84.5048 -6.22507 -5.6559
4.4 85.3477 -6.7829 -6.25444
4.45 86.1865 -7.34802 -6.87571
4.5 87.0215 -7.92029 -7.52009
4.55 87.8528 -8.49955 -8.18792
4.6 88.6804 -9.08564 -8.87959
4.65 89.5045 -9.67841 -9.59546
4.7 90.3251 -10.2777 -10.3359
4.75 91.1425 -10.8834 -11.1013
4.8 91.9567 -11.4953 -11.892
4.85 92.7679 -12.1133 -12.7083
4.9 93.5762 -12.7373 -13.5508
4.95 94.3818 -13.3671 -14.4197
